104145974
104145967
104145961
104145955
104145950
104145943
104145939
104145931
104145929
104145924
104145918
104145912
104145908
104145903
104145897
104145892
104145888
104145882
104145874
104145869
104145866
104145857
104145851
104145849
104145842
104145839
104145835
104145830
104145825
104145818
104145815
104145807
104145803
104145794
104145789
104145784
104145778
104145771
104145768
104145763
104145758
104145751
104145739
104145735
104145727
104145723
104145717
104145709
104145706
104145701
104145691
104145685
104145681
104145679
104145673
104145666
104145658
104145651
104145645
104145643
104145638
104145632
104145622
104145612
104145608
104145601
104145597
104145589
104145585
104145575
104145570
104145566
104145564
104145561
104145555
104145550
104145544
104145532
104145526
104145519
104145514
104145509
104145505
104145502
104145492
104145489
104145485
104145479
104145469
104145464
104145459
104145457
104145452
104145447
104145443
104145435
104145428
104145425
104145423
104145417
104145411
104145406
104145400
104145394
104145389
104145382
104145374
104145367
104145363
104145358
104145353
104145346
104145342
104145335
104145333
104145326
104145318
104145314
104145307
104145300
104145296
104145294
104145291
104145285
104145280
104145274
104145269
104145263
104145256
104145249
104145242
104145237
104145232
104145224
104145220
104145216
104145208
104145203
104145199
104145192
104145187
104145182
104145176
104145169
104145165
104145158
104145149
104145142
104145140
104145135
104145133
104145127
104145122
104145114
104145105
104145097
104145093
104145086
104145081
104145075
104145068
104145062
104145058
104145056
104145051
104145044
104145032
104145027
104145023
104145014
104145010
104145003
104144996
104144991
104144987
104144983
104144975
104144971
104144966
104144962
104144954
104144947
104144941
104144937
104144927
104144920
104144911
104144908
104144903
104144898
104144896
104144892
104144888
104144883
104144880
104144876
104144872
104144867
104144862
104144854
104144846
104144845
104144841
104144833
104144827
